2.819999999999999729e-01 0.000000000000000000e+00 3.300000000000000155e-01 0.000000000000000000e+00 0.000000000000000000e+00 1.880000000000000004e-01 0.000000000000000000e+00 2.000000000000000111e-01 0.000000000000000000e+00
4.259999999999999898e-01 0.000000000000000000e+00 3.679999999999999938e-01 0.000000000000000000e+00 0.000000000000000000e+00 0.000000000000000000e+00 2.059999999999999887e-01 0.000000000000000000e+00 0.000000000000000000e+00
2.600000000000000089e-01 0.000000000000000000e+00 2.300000000000000100e-01 8.999999999999999667e-02 0.000000000000000000e+00 2.200000000000000011e-01 0.000000000000000000e+00 2.000000000000000111e-01 0.000000000000000000e+00
0.000000000000000000e+00 2.770000000000000240e-01 0.000000000000000000e+00 0.000000000000000000e+00 2.540000000000000036e-01 2.540000000000000036e-01 0.000000000000000000e+00 2.149999999999999967e-01 0.000000000000000000e+00
0.000000000000000000e+00 2.550000000000000044e-01 0.000000000000000000e+00 0.000000000000000000e+00 1.380000000000000115e-01 0.000000000000000000e+00 4.899999999999999911e-01 0.000000000000000000e+00 1.170000000000000068e-01
0.000000000000000000e+00 6.500000000000000222e-01 0.000000000000000000e+00 0.000000000000000000e+00 0.000000000000000000e+00 0.000000000000000000e+00 3.499999999999999778e-01 0.000000000000000000e+00 0.000000000000000000e+00
0.000000000000000000e+00 2.429999999999999938e-01 0.000000000000000000e+00 0.000000000000000000e+00 2.149999999999999967e-01 1.390000000000000124e-01 2.570000000000000062e-01 1.459999999999999909e-01 0.000000000000000000e+00
0.000000000000000000e+00 1.650000000000000078e-01 0.000000000000000000e+00 0.000000000000000000e+00 2.500000000000000000e-01 2.660000000000000142e-01 0.000000000000000000e+00 3.190000000000000058e-01 0.000000000000000000e+00
0.000000000000000000e+00 2.979999999999999871e-01 0.000000000000000000e+00 0.000000000000000000e+00 3.400000000000000244e-01 0.000000000000000000e+00 3.619999999999999885e-01 0.000000000000000000e+00 0.000000000000000000e+00
0.000000000000000000e+00 3.790000000000000036e-01 0.000000000000000000e+00 0.000000000000000000e+00 3.370000000000000218e-01 2.839999999999999747e-01 0.000000000000000000e+00 0.000000000000000000e+00 0.000000000000000000e+00
0.000000000000000000e+00 4.899999999999999911e-01 0.000000000000000000e+00 0.000000000000000000e+00 2.310000000000000109e-01 1.320000000000000062e-01 0.000000000000000000e+00 1.429999999999999882e-01 0.000000000000000000e+00
0.000000000000000000e+00 3.790000000000000036e-01 0.000000000000000000e+00 0.000000000000000000e+00 3.370000000000000218e-01 0.000000000000000000e+00 0.000000000000000000e+00 2.839999999999999747e-01 0.000000000000000000e+00
0.000000000000000000e+00 2.999999999999999889e-01 0.000000000000000000e+00 0.000000000000000000e+00 1.859999999999999987e-01 2.800000000000000266e-01 0.000000000000000000e+00 2.340000000000000135e-01 0.000000000000000000e+00
